iT00, iT01, iT02, iT03, iT10, iT11, iT12, iT13, iT20, iT21, iT22, iT23, iT30, iT31, iT32, iT33, 
0.222415, 0.627322, 0.746324, -1.06326, -0.714054, 0.626023, -0.313405, 1.99217, -0.663821, -0.463209, 0.587179, 1.17224, 0, 0, 0, 1
0.227932, 0.610235, 0.758723, 1.06623, -0.350386, -0.675624, 0.648661, 2.76552, 0.908447, -0.413697, 0.0598218, 1.07188, 0, 0, 0, 1
0.443681, -0.823805, 0.352835, 0.0905734, 0.874231, 0.311248, -0.372618, 1.41895, 0.197145, 0.473783, 0.858291, -2.92205, 0, 0, 0, 1
0.192011, -0.867392, -0.45909, 2.09624, 0.807252, 0.405619, -0.428738, 2.45451, 0.558099, -0.288279, 0.778088, 0.824873, 0, 0, 0, 1
0.237622, -0.147009, 0.960169, -1.08596, 0.360727, 0.931148, 0.053293, 2.35689, -0.901893, 0.333696, 0.274291, -0.569534, 0, 0, 0, 1
0.0771302, 0.0946797, 0.992515, 2.20618, -0.962915, -0.251072, 0.0987807, -1.16652, 0.258546, -0.963327, 0.0718032, -2.89232, 0, 0, 0, 1
0.939272, -0.179869, -0.29226, 0.42075, -0.112873, 0.642332, -0.75807, -2.52695, 0.324082, 0.745022, 0.583021, 1.59591, 0, 0, 0, 1
0.185696, 0.174276, 0.967029, 2.3118, -0.880939, 0.465483, 0.0852755, -0.28284, -0.435274, -0.867729, 0.239965, -2.26395, 0, 0, 0, 1
0.351961, -0.891733, -0.284492, 0.39699, 0.936011, 0.336182, 0.104236, -1.48071, 0.00269046, -0.302975, 0.952995, -0.763379, 0, 0, 0, 1
0.160241, 0.197458, 0.967126, 0.838058, -0.984567, 0.101821, 0.142342, -1.45861, -0.0703674, -0.975009, 0.210726, -1.83127, 0, 0, 0, 1
0.202244, 0.972413, -0.116232, -1.61597, -0.536176, 0.20926, 0.817756, -1.02681, 0.81952, -0.103066, 0.563706, -0.101053, 0, 0, 0, 1
0.280467, 0.263461, 0.922999, -2.6779, 0.336965, 0.873368, -0.351686, -0.227646, -0.898773, 0.409654, 0.156173, 2.77882, 0, 0, 0, 1
0.463237, -0.660262, 0.591156, -1.76489, 0.611349, -0.244848, -0.752531, 0.576783, 0.641611, 0.710002, 0.290228, -0.87743, 0, 0, 0, 1
0.870456, 0.491962, -0.0167349, 1.75327, -0.362442, 0.617544, -0.698051, -2.63648, -0.33308, 0.613688, 0.715853, -2.9351, 0, 0, 0, 1
0.407453, 0.641681, -0.649791, -0.198276, -0.527633, -0.41534, -0.74101, 2.42344, -0.745376, 0.644778, 0.169341, -1.76636, 0, 0, 0, 1
0.197193, -0.103974, 0.974835, 2.03592, 0.8229, 0.558032, -0.10694, -1.92401, -0.532871, 0.82328, 0.195601, 2.97384, 0, 0, 0, 1
0.841461, 0.49593, -0.214467, -1.75936, -0.371088, 0.241929, -0.896529, -0.110198, -0.39273, 0.833981, 0.387607, -0.9022, 0, 0, 0, 1
0.453872, 0.691961, -0.561418, -2.57513, 0.089533, 0.591448, 0.801357, 0.0429103, 0.886557, -0.413979, 0.206488, 0.939565, 0, 0, 0, 1
0.520748, 0.119888, 0.845251, -1.90694, -0.825472, 0.323254, 0.462713, 0.767337, -0.217757, -0.938687, 0.267298, -1.73039, 0, 0, 0, 1
0.386127, 0.508163, 0.769855, -2.14979, -0.827868, 0.559015, 0.0462318, -1.44105, -0.406867, -0.655189, 0.636542, -0.721565, 0, 0, 0, 1
0.270271, 0.133257, 0.953518, -2.91549, -0.80598, 0.573048, 0.148367, 1.56533, -0.526641, -0.808615, 0.262281, 0.0463934, 0, 0, 0, 1
0.0314803, 0.31384, -0.948954, 2.3838, -0.350833, -0.885546, -0.304508, -1.25917, -0.935909, 0.342511, 0.0822283, -0.496097, 0, 0, 0, 1
0.720183, 0.683404, -0.119567, -1.15562, -0.598423, 0.524698, -0.605461, 0.185162, -0.351038, 0.507594, 0.786842, -1.64538, 0, 0, 0, 1
0.0361208, -0.199835, 0.979164, -2.30996, 0.0798282, 0.977249, 0.196499, -2.17434, -0.996154, 0.0710672, 0.0512515, 1.13602, 0, 0, 0, 1
0.758074, 0.434218, -0.486599, 1.81465, -0.473796, 0.8794, 0.0466076, -0.166173, 0.448153, 0.195217, 0.872381, 1.4522, 0, 0, 0, 1
0.332541, 0.468434, 0.818527, 0.0634833, -0.495838, 0.825124, -0.270767, 2.00219, -0.802222, -0.315816, 0.506655, -0.453068, 0, 0, 0, 1
0.0645308, 0.510523, 0.857439, 2.72398, -0.989297, 0.145412, -0.0121243, 1.44434, -0.130872, -0.84748, 0.514442, 1.78796, 0, 0, 0, 1
0.099696, 0.0405222, 0.994193, -2.46041, -0.892986, 0.44438, 0.0714349, -1.22968, -0.438905, -0.894922, 0.0804885, 1.73342, 0, 0, 0, 1
0.638181, 0.393821, -0.661536, -0.737111, -0.766966, 0.399983, -0.501773, -0.75569, 0.0669941, 0.827598, 0.557309, 2.29168, 0, 0, 0, 1
0.220044, 0.794299, 0.566277, 0.292161, -0.741839, -0.240702, 0.625889, 0.0186131, 0.633448, -0.55781, 0.536277, 1.10912, 0, 0, 0, 1
0.687472, 0.498952, 0.527664, 2.72597, -0.581605, 0.813391, -0.0113826, -1.82482, -0.434877, -0.299067, 0.849377, -0.971007, 0, 0, 0, 1
0.611584, 0.232684, -0.75619, 2.32003, 0.37171, 0.75922, 0.534244, -1.99097, 0.698425, -0.607818, 0.377836, 2.53388, 0, 0, 0, 1
0.84447, -0.522401, 0.11818, 2.65624, 0.270604, 0.225721, -0.935854, 0.776501, 0.462216, 0.822281, 0.331979, -1.76985, 0, 0, 0, 1
0.179193, -0.149355, 0.972411, -0.144327, 0.556175, 0.830686, 0.0250967, -1.06641, -0.811517, 0.536334, 0.231921, 2.02872, 0, 0, 0, 1
0.860252, 0.39071, -0.327586, 0.422639, -0.445356, 0.888611, -0.109677, 2.62467, 0.248245, 0.240242, 0.938434, -2.7487, 0, 0, 0, 1
0.50894, 0.459251, -0.728058, 1.55856, -0.860799, 0.269321, -0.431846, -1.905, -0.00224426, 0.846496, 0.532391, 2.53818, 0, 0, 0, 1
0.350534, 0.918514, 0.182914, -1.32291, -0.491205, 0.0140204, 0.870931, -0.312071, 0.797398, -0.395139, 0.456093, -1.16773, 0, 0, 0, 1
0.282765, 0.352342, -0.892132, -2.32921, -0.878451, -0.278374, -0.388371, -2.54784, -0.385186, 0.893511, 0.230801, -0.154311, 0, 0, 0, 1
0.516009, 0.316035, 0.796151, 1.68535, -0.669666, 0.728391, 0.144893, -1.30251, -0.534117, -0.607921, 0.587495, 1.44999, 0, 0, 0, 1
0.85458, -0.31878, 0.409967, -2.05323, -0.188037, 0.545924, 0.816462, -1.73253, -0.484082, -0.77482, 0.406593, -2.59284, 0, 0, 0, 1
0.617727, 0.779981, -0.100216, 2.56107, -0.605947, 0.55333, 0.571537, -1.64221, 0.50124, -0.292328, 0.814434, -0.128813, 0, 0, 0, 1
0.43026, -0.749425, -0.503228, 2.92248, 0.410106, -0.334337, 0.848547, 0.622428, -0.80417, -0.571473, 0.163491, -0.0729842, 0, 0, 0, 1
0.49427, 0.354824, 0.793598, -2.17606, -0.317493, 0.923525, -0.215174, 2.50419, -0.809256, -0.145608, 0.569125, 1.17509, 0, 0, 0, 1
0.659754, -0.229539, -0.715568, -2.81397, 0.322872, 0.946424, -0.0059039, -2.90952, 0.678586, -0.227142, 0.698519, 1.71439, 0, 0, 0, 1
0.629101, -0.671527, 0.391515, 2.4185, 0.653618, 0.729602, 0.201157, 1.75132, -0.420732, 0.129354, 0.897915, 0.826699, 0, 0, 0, 1
0.0150945, -0.0947599, 0.995386, -1.39815, 0.224556, 0.970391, 0.0889751, 2.51045, -0.974344, 0.222177, 0.0359265, -1.01628, 0, 0, 0, 1
0.513545, -0.465644, 0.720727, 1.71212, 0.839732, 0.445422, -0.310563, 1.53218, -0.176416, 0.764705, 0.619761, -1.44851, 0, 0, 0, 1
0.165279, 0.133772, -0.977132, 2.36207, 0.569659, 0.795825, 0.205307, -1.88911, 0.805091, -0.590565, 0.0553286, 2.88907, 0, 0, 0, 1
0.606652, -0.16697, 0.777235, -2.44593, -0.389861, 0.789565, 0.473915, 1.96654, -0.692807, -0.590515, 0.413896, -1.61532, 0, 0, 0, 1
0.403787, -0.86539, 0.296742, -1.17232, 0.526906, -0.0451744, -0.848722, 0.0210622, 0.747881, 0.499058, 0.437739, 0.940558, 0, 0, 0, 1
