iT00, iT01, iT02, iT03, iT10, iT11, iT12, iT13, iT20, iT21, iT22, iT23, iT30, iT31, iT32, iT33, 
0.990587, 0.04308, 0.129929, 0.319051, -0.102576, 0.862129, 0.496197, 0.676791, -0.0906393, -0.504854, 0.858433, 0.610726, 0, 0, 0, 1
0.774426, 0.149291, -0.614798, -0.0767504, -0.0928084, 0.988055, 0.123024, -0.799271, 0.625821, -0.0382141, 0.77903, 0.0551583, 0, 0, 0, 1
0.843234, -0.147343, -0.516958, 0.101874, 0.206409, 0.976728, 0.0582967, 0.667695, 0.496338, -0.155862, 0.854023, 0.942532, 0, 0, 0, 1
0.725279, 0.50612, -0.466703, 0.576821, -0.687093, 0.48953, -0.536901, -0.602066, -0.043271, 0.710072, 0.702798, 0.0689866, 0, 0, 0, 1
0.898658, 0.0574716, -0.434869, -0.222766, -0.335244, 0.729332, -0.596395, -0.255539, 0.282888, 0.681742, 0.674687, 0.955551, 0, 0, 0, 1
0.770328, -0.380407, 0.511748, 0.91614, 0.484567, 0.870899, -0.0820314, 0.00779206, -0.414475, 0.311167, 0.855211, -0.20061, 0, 0, 0, 1
0.758869, -0.330691, 0.561036, -0.673935, 0.379337, 0.924707, 0.0319496, -0.313113, -0.52936, 0.188576, 0.827174, 0.151234, 0, 0, 0, 1
0.725853, -0.22243, 0.650894, -0.706156, 0.490878, 0.830379, -0.263644, 0.0105414, -0.481846, 0.510877, 0.711919, 0.122398, 0, 0, 0, 1
0.814578, 0.552068, 0.178002, -0.927254, -0.46291, 0.803624, -0.374036, -0.193749, -0.34954, 0.222283, 0.910172, 0.897821, 0, 0, 0, 1
0.839428, -0.0931797, 0.535424, 0.0697852, -0.173622, 0.887586, 0.426668, -0.498395, -0.514992, -0.451119, 0.728886, 0.0654962, 0, 0, 0, 1
0.75818, -0.0149852, -0.651873, -0.852065, 0.143572, 0.979037, 0.144479, -0.994183, 0.636043, -0.203132, 0.744437, 0.762029, 0, 0, 0, 1
0.914145, 0.0375802, 0.403641, 0.89783, 0.123096, 0.922948, -0.364711, 0.858748, -0.386246, 0.383086, 0.839083, -0.787446, 0, 0, 0, 1
0.981814, -0.037593, 0.186086, -0.496231, -0.0880905, 0.778076, 0.621963, 0.533815, -0.168171, -0.627044, 0.760614, 0.131763, 0, 0, 0, 1
0.728463, -0.387068, 0.565261, 0.126053, 0.173614, 0.902464, 0.394231, 0.842937, -0.662721, -0.189046, 0.724612, 0.167443, 0, 0, 0, 1
0.999755, -0.0186194, -0.0119573, 0.344909, 0.0195621, 0.99625, 0.0842782, -0.945545, 0.0103432, -0.0844915, 0.99637, 0.39342, 0, 0, 0, 1
0.894369, 0.442985, 0.0621968, 0.164642, -0.392196, 0.843392, -0.367249, 0.227726, -0.215142, 0.304063, 0.928041, 0.488914, 0, 0, 0, 1
0.798716, 0.0457337, -0.599967, -0.547662, -0.0672471, 0.997645, -0.0134763, -0.927119, 0.597938, 0.0511098, 0.799911, -0.119655, 0, 0, 0, 1
0.961666, 0.257251, 0.0949748, -0.213887, -0.258064, 0.731859, 0.630702, 0.625715, 0.0927403, -0.631034, 0.770191, 0.654131, 0, 0, 0, 1
0.73996, -0.643703, 0.195207, -0.720932, 0.668568, 0.671893, -0.318711, -0.622064, 0.0739967, 0.366342, 0.927533, 0.26726, 0, 0, 0, 1
0.894173, -0.324656, 0.308306, -0.661673, 0.125152, 0.842407, 0.524106, -0.253281, -0.429873, -0.430056, 0.79389, -0.693615, 0, 0, 0, 1
0.835177, -0.536221, 0.12225, 0.214844, 0.546469, 0.784007, -0.294458, -0.678233, 0.0620493, 0.31273, 0.947813, -0.386098, 0, 0, 0, 1
0.955203, 0.224732, 0.192571, 0.725354, -0.256641, 0.953035, 0.160807, 0.700775, -0.147388, -0.203025, 0.968017, -0.138166, 0, 0, 0, 1
0.838777, 0.266423, -0.474838, -0.273985, -0.532069, 0.586187, -0.610973, 0.151779, 0.115567, 0.765117, 0.633436, 0.609496, 0, 0, 0, 1
0.884073, 0.464182, 0.0543036, 0.804469, -0.467342, 0.877485, 0.107755, 0.348723, 0.00236758, -0.120642, 0.992693, 0.239314, 0, 0, 0, 1
0.985727, -0.0552078, -0.159039, 0.323659, 0.0976139, 0.957116, 0.272766, 0.133561, 0.13716, -0.284397, 0.948844, 0.387843, 0, 0, 0, 1
0.876796, -0.469289, -0.104867, 0.01622, 0.47461, 0.809508, 0.345605, -0.919849, -0.0772979, -0.352795, 0.932502, -0.133266, 0, 0, 0, 1
0.869135, -0.465256, -0.167754, -0.580925, 0.458096, 0.629454, 0.627643, -0.490737, -0.186421, -0.622354, 0.760212, 0.815947, 0, 0, 0, 1
0.97217, -0.216486, 0.0895505, 0.264689, 0.122474, 0.795483, 0.593471, 0.840978, -0.199714, -0.565987, 0.799858, 0.333392, 0, 0, 0, 1
0.817114, 0.0804468, -0.570836, 0.735562, 0.167513, 0.914354, 0.368642, -0.974407, 0.551602, -0.396845, 0.733655, 0.751769, 0, 0, 0, 1
0.996929, 0.019539, 0.0758383, 0.616, -0.0446222, 0.937529, 0.345035, -0.579019, -0.0643589, -0.347359, 0.935521, 0.680564, 0, 0, 0, 1
0.73833, -0.00221287, -0.674436, 0.54881, 0.236744, 0.937212, 0.256098, 0.0672452, 0.631523, -0.348753, 0.692496, -0.373977, 0, 0, 0, 1
0.872976, 0.42804, -0.233868, -0.469285, -0.483939, 0.820004, -0.305609, 0.116442, 0.0609591, 0.379967, 0.922989, 0.919195, 0, 0, 0, 1
0.778257, 0.43492, -0.452946, -0.471725, -0.498191, 0.866742, -0.0237501, 0.662039, 0.382258, 0.244137, 0.891222, -0.124865, 0, 0, 0, 1
0.731872, -0.582334, -0.353907, -0.735287, 0.600103, 0.79684, -0.0701565, -0.728214, 0.322862, -0.161035, 0.932645, 0.121851, 0, 0, 0, 1
0.706613, 0.681275, 0.191212, -0.436515, -0.648031, 0.51453, 0.561529, -0.137338, 0.284172, -0.520694, 0.805061, -0.359845, 0, 0, 0, 1
0.648423, 0.433819, 0.625579, -0.21008, -0.664045, 0.724159, 0.186113, 0.415314, -0.372279, -0.536093, 0.757636, 0.758425, 0, 0, 0, 1
0.755659, -0.254143, 0.603648, -0.174125, 0.0548418, 0.942964, 0.328347, -0.638428, -0.652665, -0.215013, 0.726497, 0.572234, 0, 0, 0, 1
0.955019, 0.192444, -0.225618, 0.779228, -0.29546, 0.682481, -0.668523, 0.236509, 0.0253267, 0.705114, 0.708642, 0.631623, 0, 0, 0, 1
0.961053, 0.265563, 0.0765021, 0.750621, -0.256752, 0.755548, 0.602682, 0.362889, 0.102249, -0.598852, 0.794306, -0.560367, 0, 0, 0, 1
0.951809, 0.0949914, 0.291609, 0.0916459, 0.0626014, 0.870631, -0.487937, 0.942855, -0.300234, 0.482678, 0.822728, -0.451043, 0, 0, 0, 1
0.677833, -0.435239, -0.592545, -0.57702, 0.704655, 0.614541, 0.354684, -0.0231753, 0.209771, -0.657956, 0.72325, 0.830775, 0, 0, 0, 1
0.71459, 0.530384, -0.456129, -0.362803, -0.699116, 0.56426, -0.439144, 0.218644, 0.0244606, 0.632695, 0.774014, -0.976796, 0, 0, 0, 1
0.595985, 0.422467, 0.682879, -0.820986, -0.681509, 0.715868, 0.151914, 0.742942, -0.424673, -0.555927, 0.714561, 0.967947, 0, 0, 0, 1
0.719166, -0.526889, -0.452978, 0.978484, 0.571376, 0.819401, -0.0459605, -0.852075, 0.395387, -0.225767, 0.890336, -0.570989, 0, 0, 0, 1
0.898644, 0.438391, 0.0159092, -0.895589, -0.345707, 0.730048, -0.589505, -0.887957, -0.270048, 0.524255, 0.807608, 0.751238, 0, 0, 0, 1
0.762356, 0.211295, 0.611692, 0.0688285, 0.195151, 0.826142, -0.528589, -0.733176, -0.617032, 0.522345, 0.58858, -0.0850334, 0, 0, 0, 1
0.906022, 0.0710954, -0.417218, -0.438765, -0.17487, 0.960594, -0.216055, 0.0854259, 0.385416, 0.268709, 0.882751, -0.473621, 0, 0, 0, 1
0.922966, 0.310105, 0.227966, 0.315878, -0.377329, 0.845812, 0.377126, 0.473871, -0.0758679, -0.434093, 0.897668, -0.766966, 0, 0, 0, 1
0.95167, -0.214195, 0.220099, -0.650052, 0.149456, 0.949063, 0.277384, 0.262992, -0.268303, -0.231083, 0.935208, -0.221737, 0, 0, 0, 1
0.849385, 0.147912, 0.506624, -0.412658, 0.151869, 0.850827, -0.503021, 0.785519, -0.505452, 0.504198, 0.700216, 0.910703, 0, 0, 0, 1
